97
36
61
34.41
83.68
87
48.46
46.15
33.33
92.65
69
32
33.48
49
73.85
10.64
58
49.84
4.56
56.43
75
63
33
6.92
16
21.41
65.3
90.21
11
36
20
85
0
25.03
71
95.01
5.94
37
65
5.69
20
95
2
53
49.84
98
20.97
40
63.85
86
36
72
27
91
49.11
54.05
41
90.47
14
57.29
87
10
4.03
15
57
30.02
77
96.54
32.67
11.41
11.2
91.95
64
8
8
23
83
33
72.2
42.75
45
57
44
8.92
8
11
79
26.47
92.0
88.48
17.79
13.31
13
25.64
25.5
57
99.85
87.6
72.57
45
47.38
22.66
88
94
85.66
17
32.26
89
78.18
38
84
25
30
57.24
59
24.24
92.39
81.85
73
79.85
38
63
70
12.44
0.72
18
21.56
85.42
31.67
5
69
44
25.44
31.25
35.14
48.23
70.87
79
49.43
67
8.84
60
69
13
30
42.29
69
98.34
75.1
38
61.92
60
47
42
25.85
33.26
51.79
55.38
16.4
80
93
79.8
99.79
0.44
57
78.28
54
24
51
78
47
23.13
93.0
42
43
7.22
24
69.97
33.66
26.59
91.3
36.88
39
29
85.78
60
95.9
76.66
64
44.86
31.52
34
74
59
62
90.63
30.66
54.57
65
10
32
51
55.19
73.8
76
76.21
83.16
54.31
75
59
78
15
62.15
83
66.01
17
60
6.48
17
75
64.4
41
31
8.36
7.01
97
51
97
43.4
79.96
84.45
61.28
43
3
19.11
59
89
91.26
76.71
2
42
38
41.97
20.09
38
30
79.73
77.39
80
10.44
0.54
70.99
23.15
69.12
71.03
10
28.42
28
81
26.01
65
87
62
83.92
37.14
23
74
10
51.33
32
60.31
83
12.36
45.09
69
6
1.79
35.15
61
0.51
86.47
1
89.03
61.42
7
28.34
2.8
7
92
58.01
67.98
66
41
31
46
85
37
75
8
70.26
30.56
43
55.44
1.29
53
19.28
74.64
84
13
17
96.19
97.06
59.83
98.15
4.31
43
48.39
8.94
15.05
4.29
33
93.93
87
4.81
40
6
2.96
79
66.84
4
64
75.67
57
85.53
11.77
77
49
65.07
20.45
33
15
61.77
95.98
46
36
85
39
71
84.3
43.34
59
95
40.55
5
11
73.82
97.01
21
22.43
97
55.79
59.57
58
11
7.28
29
24.48
40
85
55
37
57.19
58.54
77.6
86.69
97.93
12.06
14
27
63.81
68.11
91.62
50
29
58
48.25
16.3
74
31
73.18
7
34
17
57
8.66
57
54
59
60
19
52.66
55.83
54.97
47
73.37
9
42
64.74
62.72
4.93
88.59
57.46
57
94.85
26
82
31.76
97.7
73.76
20
47
75.25
41.57
51
13.77
31
45.01
27.38
43
30.54
9.81
14
48
15.31
14
28
81
33.35
2.51
85
63.16
7.19
38.78
96.46
12.63
90
94
35.64
94.16
53
82
66.53
56.39
90
85.3
82.65
42.39
97
98
57.02
94
99.98
27.23
34
60.72
83.32
22
71
65
25.17
89
5.11
70
39.25
30
91.63
71
48.32
3.62
96.27
50
70
13
63.71
74.7
7.92
75
69
76
69
58
60.98
28.11
67
39
70.83
79.47
83.35
59.76
38.56
21
69.2
84.0
39
32.52
40
59.85
17.16
25
53
45
64.44
44.05
20.85
41
47.82
88
37
96
6
64
75
34.13
68
82
25.73
32
5
33.9
20.53
90
87
78
15.15
57.32
72
13
75.77
65.92
90.07
96
95
6
69
64
94
20.17
28
19
82.77
12.7
29.67
29.85
22
16.84
32.48
82.67
7.93
91
97.28
11
33
32.77
5.09
33.46
97
23.9
75.55
15
59
89
19
19
19
70
46
57
93.25
23
69
18.26
51
35.34
81.33
82.2
83
25
56
62.67
83.49
71.5
88.57
84.52
76
76
70.44
82.77
14
1.41
23
64.42
7
33
73.39
33.2
92.89
58.9
84
27.06
54.2
19.25
45
73.04
35.73
51
79.01
49.57
65.86
85.53
53
61.54
7.42
87
4
59
69
90.76
49
6
1.44
86.5
75.83
18.74
28
27.01
53.12
72.17
6.94
31.8
15.28
6
64
62.83
62
44.65
58
21.64
36.03
88
1.66
20
16.94
87
46.74
40
52
86.5
76
7.92
78
89
18.41
13
21.36
79.36
63
4
92
48
48
17.5
61.06
2.34
0.35
54
13
98
42
98
33
86
43.91
56
43.47
85.23
6.44
65
54.06
36
28
89.78
88
94.74
65.19
15.63
76.47
3
88.19
60.22
73.79
37
60
5.59
50
92.04
57
62.4
99
40
63
24
34.91
25
99
60.62
32.56
87
43
91.09
12
60.75
39
97.72
6.36
46
43
84.33
46
78.14
74
99.75
38.29
72
70.94
74
48.93
76.22
6
77.43
28.72
52.84
92
64
70.78
18
6.3
31
51
84.15
83.41
82.27
66.23
51.55
36
71.57
81.97
15
76
47
8
25
26.53
11
58.29
91
91
48
73.35
54
12
72.65
56.71
51
60.43
63.71
77.85
56.39
20.91
53
34
89
36.3
73
3
26.05
97.26
74.9
0.36
33.97
89
31
0
2
12.05
10
13
54.82
44
41
79.51
75
44.14
62.75
41.9
8
4
31.52
86.75
27
47.54
78.73
68.39
67
0
15
0
55
85
53.32
58
50.92
17
72
6
44
30
40
31.99
33.81
24
71.93
17.06
39.84
76
64.43
89
45.85
46.38
31.27
34.12
0.13
93.31
48.59
34.26
6
52
74.09
6
31
19.2
23.99
90.46
40.96
7.8
17.31
88
25.1
86.03
30.95
13
37
46.35
5
75
3.35
55.28
18
55
15.15
97.85
50.49
66.89
36.4
10
5.65
13
50.97
44
82.81
43
38
39.51
47
97
64.97
94.78
49
27.58
62.7
60.07
33
75
16.58
30
52
8
92
60.81
8
70.36
7
98
79.6
70
88
24
55
78
28.1
2.76
37
35.52
89.6
5
24.85
33
23
18.74
85
22
48.84
57.18
32
82
56
69.34
55
63.19
68.93
82
67.13
3.69
72
15.23
92
97
57.56
71
33
40
83
79.55
98
71
44.69
41
32
29.79
90
93.52
53.96
74
38
86
28
10.68
51.28
33
86
49
25.27
14.16
43
34
44.5
16.38
78.64
77
45.53
86
89
17.87
87.57
56.65
57.36
71.43
43
23.33
71.1
83
78
17.87
44
61
78.95
91
75.17
32.28
85.81
2.21
41
26
35
80.61
26.36
21.27
61.9
70.19
25
50.88
